31-bit unsigned integers r, where 0 <= r < 2^31
821935789
41520213
584092398
1898651583
1863917337
723345386
789265665
1796569872
356584402
1406288049
1038124958
324326077
2130486414
102504005
1747303118
788152792
1840877775
1040942122
2034854203
727401829
31-bit double r, where 0 <= r < 1.0
0.4026411152
0.8670118721
0.2883375455
0.451641134
0.4501680373
0.8063845579
0.1826642063
0.9050929639
0.3997421702
0.8677440765
0.4017798509
0.8791997512
0.945572942
0.09821728198
0.8823972396
0.5143949222
0.173312916
0.3264010912
0.5464020204
0.8475212902
int r, where 0 <= r < 100
89
55
97
85
81
58
59
46
54
53
78
18
62
18
65
60
13
59
1
38
seed [1, 2, 3, 4, 5, 6]
31-bit unsigned integers r, where 0 <= r < 2^31
1338248145
1494269643
107210912
314696806
536459791
872534929
1063724312
336991489
1066388580
766798386
430760058
1307134694
547154881
1810047922
1353458406
1922709121
1669123639
831712370
1113815881
102950063
